Total profit of the horizon: 2478816.595501141
The resolution time is: 0.3310003280639648 seconds
----------------------------------------------------------------------
  Product-period       Production                       Stock
----------------------------------------------------------------------
      (1,1)      493.4493247715242           0
      (1,2)      461.9343342423436           0
      (1,3)      298.0072565590511           0
      (1,4)      174.0159679834153           0
      (1,5)      514.5590139532526           273.7620026802239
      (1,6)      0           0
      (2,1)      121.3742630100652           44.11976916042823
      (2,2)      0           0
      (2,3)      65.3546516226582           35.89434681380775
      (2,4)      45.79616322096869           61.64498607152238
      (2,5)      0           20.13831781741769
      (2,6)      0           0
      (3,1)      58.40033043033117           0
      (3,2)      51.53789300145689           0
      (3,3)      77.02749656106761           0
      (3,4)      207.5320415244545           3.559581795108523e-05
      (3,5)      105.4033695324141           64.68823415809551
      (3,6)      0           0
      (4,1)      387.1148473255644           0
      (4,2)      250.2637163529804           37.52103009266089
      (4,3)      578.6566536814616           0
      (4,4)      200.3431552853745           70.57701035370542
      (4,5)      387.4740142496908           56.26587575403207
      (4,6)      0           0
      (5,1)      60.53660805885352           40.40674907097593
      (5,2)      0           23.08927444875544
      (5,3)      60.29643141971001           45.80016869324442
      (5,4)      0.0001534158902498412           26.1625576146259
      (5,5)      0           0
      (5,6)      613.1578947368422           0
------------------------------------
  Product-period       Price
------------------------------------
      (1,1)      541.77
      (1,2)      550.41
      (1,3)      581.49
      (1,4)      573.4
      (1,5)      504.58
      (1,6)      572.12
      (2,1)      593.2
      (2,2)      415.1644045026732
      (2,3)      358.3555291510539
      (2,4)      470.2990930296177
      (2,5)      575.09
      (2,6)      232.2512741689125
      (3,1)      462.3256778254162
      (3,2)      424.7567702853384
      (3,3)      596.73
      (3,4)      509
      (3,5)      216.0075191664396
      (3,6)      501.5
      (4,1)      598.12
      (4,2)      585.9
      (4,3)      515.03
      (4,4)      568.05
      (4,5)      537.52
      (4,6)      591.3099999999999
      (5,1)      389.0698925461982
      (5,2)      205.4828993126581
      (5,3)      166.9674574480971
      (5,4)      348.2864244802047
      (5,5)      317.3274262322792
      (5,6)      52.28457823199365
------------------------------------
  Product-period       Generated demand
------------------------------------
      (1,1)      493.4493247715244
      (1,2)      461.9343342423434
      (1,3)      298.0072565590511
      (1,4)      174.0159679834153
      (1,5)      240.7970112730287
      (1,6)      273.7620026802239
      (2,1)      77.25449384963696
      (2,2)      44.11976916042823
      (2,3)      29.46030480885046
      (2,4)      20.04552396325407
      (2,5)      41.5066682541047
      (2,6)      20.13831781741769
      (3,1)      58.40033043033116
      (3,2)      51.53789300145691
      (3,3)      77.02749656106762
      (3,4)      207.5320059286366
      (3,5)      40.71517097013658
      (3,6)      64.68823415809551
      (4,1)      387.1148473255644
      (4,2)      212.7426862603195
      (4,3)      616.1776837741227
      (4,4)      129.7661449316691
      (4,5)      401.7851488493642
      (4,6)      56.26587575403207
      (5,1)      20.12985898787758
      (5,2)      17.31747462222049
      (5,3)      37.58553717522101
      (5,4)      19.63776449450878
      (5,5)      26.16255761462589
      (5,6)      613.1578947368423
