Production planning:
254.96 311.39 227.75 466.25 0.0 0.0
104.91 0.0 124.51 0.0 796.46 0.0
115.74 334.34 184.18 155.97 0.0 0.0
524.76 0.0 0.0 0.0 0.0 896.15
115.79 0.0 343.37 0.0 0.0 0.0


Prices:
541.77 550.41 352.02 504.24 279.22 572.12
426.13 502.44 152.07 245.59 123.13 161.61
310.51 243.93 298.43 509.0 103.11 501.5
598.12 585.9 515.03 568.05 537.52 394.67
198.5 143.74 74.6 171.27 156.27 531.29


Inventory:
0.0 0.0 0.0 330.61 204.82 0.0
21.19 0.0 41.28 0.0 264.4 0.0
0.0 175.24 173.95 175.39 77.36 0.0
366.82 257.69 132.61 71.64 0.0 0.0
35.21 0.0 177.58 92.89 3.17 0.0


Total profit:1749269.418205258
Percentage of violated capacity:
0.0 | 0.0 | 0.0 | 0.0 | 0.0 | 0.0
======================================================================================================================
Production planning:
280.41 359.63 405.55 245.43 0.0 0.0
104.28 0.0 79.25 0.0 796.46 0.0
106.17 296.73 256.93 0.0 0.0 0.0
528.26 0.0 0.0 496.42 0.0 896.15
103.38 0.0 169.44 0.0 0.0 0.0


Prices:
541.77 550.41 479.31 573.4 504.58 572.12
451.61 470.43 204.15 396.27 180.49 167.37
326.32 298.74 389.68 509.0 217.9 501.5
598.12 585.9 515.03 555.44 537.52 395.69
213.57 147.41 91.35 295.72 380.83 531.29


Inventory:
0.0 0.0 214.91 309.48 210.6 0.0
25.02 0.0 24.45 0.0 246.13 0.0
0.0 193.63 310.32 115.57 77.72 0.0
352.61 224.5 0.0 379.86 0.0 0.0
34.0 0.0 47.77 20.53 3.18 0.0


Total profit:2129882.1896399236
Percentage of violated capacity:
0.0 | 0.0 | 0.0 | 0.0 | 0.0 | 0.0
======================================================================================================================
Production planning:
287.63 403.78 410.3 0.0 849.55 0.0
100.74 0.0 125.6 0.0 0.0 21.84
103.76 262.31 227.85 0.0 84.05 0.0
536.04 0.0 0.0 785.9 24.66 864.52
98.25 0.0 149.76 0.0 0.0 0.0


Prices:
541.77 550.41 459.16 573.4 504.58 572.12
458.63 502.44 212.66 555.79 575.09 549.67
330.69 319.11 379.6 509.0 274.57 501.5
598.12 585.9 515.03 568.05 537.52 438.75
217.88 153.01 90.48 444.99 460.48 531.29


Inventory:
0.0 0.0 199.69 0.0 542.99 0.0
22.58 0.0 75.82 58.23 0.0 0.0
0.0 171.6 255.52 34.09 91.79 0.0
355.27 214.93 0.0 623.21 0.0 0.0
31.66 0.0 27.35 15.66 3.53 0.0


Total profit:2605171.4936847473
Percentage of violated capacity:
0.0 | 0.0 | 0.0 | 0.0 | 0.0 | 0.0
======================================================================================================================
Production planning:
288.49 491.41 302.42 30.66 373.06 612.73
100.68 0.0 163.84 0.0 0.0 0.0
103.47 193.99 284.9 0.0 0.0 110.37
536.23 0.0 0.0 749.74 713.83 0.0
97.77 0.0 139.87 0.0 0.0 4.43


Prices:
541.77 550.41 455.04 573.4 504.58 555.46
459.46 502.44 214.01 555.79 575.09 549.67
331.21 323.67 377.36 509.0 334.99 501.5
598.12 585.9 515.03 568.05 537.52 591.31
218.39 153.48 90.22 513.23 550.88 531.29


Inventory:
0.0 82.06 169.89 0.0 0.0 0.0
22.65 0.0 114.85 94.89 26.17 0.0
0.0 105.93 246.04 17.88 0.0 0.0
354.85 212.66 0.0 567.38 413.14 0.0
31.5 0.0 17.07 8.44 0.0 0.0


Total profit:2687919.777138825
Percentage of violated capacity:
0.0 | 0.0 | 0.0 | 0.0 | 0.0 | 0.0
======================================================================================================================
Production planning:
288.57 409.92 416.27 0.0 381.74 577.68
100.68 0.0 137.98 0.0 0.0 26.2
103.45 257.52 221.17 0.0 0.0 112.58
536.25 0.0 0.0 785.9 703.59 0.0
97.72 0.0 139.58 0.0 0.0 4.47


Prices:
541.77 550.41 454.63 573.4 504.58 570.74
459.53 502.44 214.14 555.79 575.09 549.67
331.26 324.14 377.14 509.0 343.68 501.5
598.12 585.9 515.03 568.05 537.52 591.31
218.44 153.52 90.19 523.33 550.88 531.29


Inventory:
0.0 0.0 201.28 0.61 0.0 0.0
22.66 0.0 89.08 68.77 0.0 0.0
0.0 169.73 246.02 16.92 0.0 0.0
354.81 212.44 0.0 600.68 419.35 0.0
31.48 0.0 16.74 8.46 0.0 0.0


Total profit:2698359.9161741748
Percentage of violated capacity:
0.0 | 0.0 | 0.0 | 0.0 | 0.0 | 0.0
======================================================================================================================
Production planning:
304.86 454.48 406.5 0.0 373.56 577.68
93.84 0.0 126.94 0.93 0.0 26.2
98.42 64.94 357.03 0.0 17.82 112.58
588.93 0.0 0.0 784.56 686.27 0.0
60.52 163.38 17.79 0.0 0.0 4.47


Prices:
541.77 550.41 512.96 573.4 504.58 570.74
475.05 502.44 247.13 555.79 575.09 549.67
340.96 363.84 420.66 509.0 335.46 501.5
598.12 585.9 515.03 568.05 537.52 591.31
228.29 118.62 97.63 513.72 550.88 531.29


Inventory:
0.0 0.0 200.55 0.0 0.0 0.0
18.07 0.0 87.77 68.72 0.0 0.0
0.0 0.0 228.21 0.0 0.0 0.0
395.7 269.39 0.0 602.06 419.35 0.0
0.0 108.21 17.05 8.44 0.0 0.0


Total profit:2743136.4354502778
Percentage of violated capacity:
0.0 | 0.0 | 0.0 | 0.0 | 0.0 | 0.0
======================================================================================================================
Production planning:
304.86 454.49 406.51 0.0 373.55 577.68
93.84 0.0 127.87 0.0 0.0 26.2
98.42 64.94 356.14 0.9 17.82 112.58
588.93 0.0 0.0 784.54 686.28 0.0
60.52 163.37 17.79 0.0 0.0 4.47


Prices:
541.77 550.41 512.95 573.4 504.58 570.74
475.05 502.44 247.13 555.79 575.09 549.67
340.96 363.85 420.66 509.0 335.45 501.5
598.12 585.9 515.03 568.05 537.52 591.31
228.29 118.62 97.63 513.75 550.88 531.29


Inventory:
0.0 0.0 200.55 0.0 0.0 0.0
18.07 0.0 88.7 68.72 0.0 0.0
0.0 0.0 227.31 0.0 0.0 0.0
395.7 269.38 0.0 602.04 419.35 0.0
0.0 108.21 17.05 8.44 0.0 0.0


Total profit:2743142.4514065334
Percentage of violated capacity:
0.0 | 0.0 | 0.0 | 0.0 | 0.0 | 0.0
======================================================================================================================
Production planning:
542.32 0.0 517.38 0.0 343.73 577.68
75.53 89.18 108.96 0.0 0.0 26.2
161.28 0.0 237.44 62.83 21.45 112.58
194.58 743.87 0.0 690.85 715.96 0.0
91.78 0.0 69.92 0.0 0.0 4.47


Prices:
541.77 550.41 581.49 573.4 504.58 570.74
476.79 240.14 390.46 555.79 575.09 549.67
342.05 344.25 596.73 509.0 307.6 501.5
598.12 491.17 515.03 568.05 537.52 591.31
229.42 142.38 143.94 481.12 550.88 531.29


Inventory:
235.61 0.0 200.16 0.0 0.0 0.0
0.0 0.0 87.39 68.54 0.0 0.0
63.4 0.0 162.26 0.0 0.0 0.0
0.0 555.72 0.0 517.68 419.35 0.0
31.87 0.0 18.27 8.37 0.0 0.0


Total profit:2811972.8372926973
Percentage of violated capacity:
0.0 | 0.0 | 0.0 | 0.0 | 0.0 | 0.0
======================================================================================================================
Production planning:
542.32 0.0 517.38 0.0 343.73 577.68
75.53 89.18 108.96 0.0 0.0 26.2
161.28 0.0 237.44 62.83 21.45 112.58
194.58 743.87 0.0 690.85 715.96 0.0
91.78 0.0 69.92 0.0 0.0 4.47


Prices:
541.77 550.41 581.49 573.4 504.58 570.74
476.79 240.14 390.46 555.79 575.09 549.67
342.05 344.25 596.73 509.0 307.6 501.5
598.12 491.17 515.03 568.05 537.52 591.31
229.42 142.38 143.94 481.12 550.88 531.29


Inventory:
235.61 0.0 200.16 0.0 0.0 0.0
0.0 0.0 87.39 68.54 0.0 0.0
63.4 0.0 162.26 0.0 0.0 0.0
0.0 555.72 0.0 517.68 419.35 0.0
31.87 0.0 18.27 8.37 0.0 0.0


Total profit:2811972.837292698
Percentage of violated capacity:
0.0 | 0.0 | 0.0 | 0.0 | 0.0 | 0.0
======================================================================================================================
Production planning:
558.7 0.0 573.33 0.0 289.83 577.68
74.39 166.27 0.0 0.0 22.21 26.2
153.67 0.0 83.5 219.44 29.03 112.58
201.47 632.19 396.35 413.28 735.91 0.0
82.86 0.0 20.92 27.81 0.0 4.47


Prices:
541.77 550.41 581.49 573.4 504.58 570.74
485.45 237.85 474.23 555.79 575.09 549.67
347.48 358.3 596.73 509.0 259.81 501.5
598.12 480.69 515.03 568.05 537.52 591.31
235.14 155.95 220.4 426.26 415.63 531.29


Inventory:
242.67 0.0 199.43 0.0 0.0 0.0
0.0 68.78 47.78 30.86 0.0 0.0
58.41 0.0 0.0 0.0 0.0 0.0
0.0 412.88 0.0 256.09 419.35 0.0
25.91 0.0 0.0 15.0 0.0 0.0


Total profit:2828769.1471842593
Percentage of violated capacity:
0.0 | 0.0 | 0.0 | 0.0 | 0.0 | 0.0
======================================================================================================================
Production planning:
442.85 500.07 447.05 0.0 284.06 577.68
103.57 0.0 47.24 0.0 51.47 26.2
70.82 131.41 0.0 214.65 30.07 112.58
500.04 0.0 633.76 415.82 698.74 0.0
28.91 57.78 0.0 31.03 0.0 4.47


Prices:
541.77 550.41 581.49 573.4 504.58 570.74
593.2 425.08 369.56 510.93 575.09 549.67
415.31 411.99 596.73 509.0 254.69 501.5
598.12 585.9 515.03 568.05 537.52 591.31
326.63 182.0 171.75 396.25 401.86 531.29


Inventory:
0.0 44.8 186.35 0.0 0.0 0.0
37.66 0.0 18.91 0.0 0.0 0.0
0.0 77.68 0.0 0.0 0.0 0.0
189.49 0.0 0.0 269.79 419.35 0.0
0.0 35.41 0.0 16.08 0.0 0.0


Total profit:2911643.687945432
Percentage of violated capacity:
0.0 | 0.0 | 0.0 | 0.0 | 0.0 | 0.0
======================================================================================================================
Production planning:
442.85 500.07 447.05 0.0 284.06 577.68
103.57 0.0 47.24 0.0 51.47 26.2
70.82 131.41 0.0 214.65 30.07 112.58
500.04 0.0 633.76 415.82 698.74 0.0
28.91 57.78 0.0 31.03 0.0 4.47


Prices:
541.77 550.41 581.49 573.4 504.58 570.74
593.2 425.08 369.56 510.93 575.09 549.67
415.31 411.99 596.73 509.0 254.69 501.5
598.12 585.9 515.03 568.05 537.52 591.31
326.63 182.0 171.75 396.25 401.86 531.29


Inventory:
0.0 44.8 186.35 0.0 0.0 0.0
37.66 0.0 18.91 0.0 0.0 0.0
0.0 77.68 0.0 0.0 0.0 0.0
189.49 0.0 0.0 269.79 419.35 0.0
0.0 35.41 0.0 16.08 0.0 0.0


Total profit:2911643.687945434
Percentage of violated capacity:
0.0 | 0.0 | 0.0 | 0.0 | 0.0 | 0.0
======================================================================================================================
Production planning:
442.85 500.0 447.38 0.0 288.21 558.06
103.6 0.0 47.25 0.0 80.95 0.0
70.81 131.41 0.0 215.14 29.31 112.44
499.99 0.0 633.36 410.12 652.29 67.83
28.91 57.83 0.0 34.42 0.0 0.0


Prices:
541.77 550.41 581.49 573.4 504.58 572.12
593.2 424.88 369.3 513.11 575.09 529.39
415.32 411.91 596.73 509.0 258.37 501.5
598.12 585.9 515.03 568.05 537.52 591.31
326.64 181.98 171.64 399.94 411.68 531.29


Inventory:
0.0 44.98 187.03 0.0 0.0 0.0
37.69 0.0 18.9 0.0 28.34 0.0
0.0 77.66 0.0 0.0 0.0 0.0
189.43 0.0 0.0 262.89 349.25 0.0
0.0 35.46 0.0 19.76 4.47 0.0


Total profit:2912728.231532601
Percentage of violated capacity:
0.0 | 0.0 | 0.0 | 0.0 | 0.0 | 0.0
======================================================================================================================
Production planning:
473.93 435.56 466.81 0.0 289.17 559.47
149.07 0.0 20.16 0.0 81.03 0.0
62.68 129.86 0.0 212.95 99.35 42.26
389.17 162.88 589.34 412.22 545.08 172.34
43.0 0.0 41.28 35.25 0.0 0.0


Prices:
541.77 550.41 581.49 573.4 504.58 572.12
593.2 399.59 341.09 490.68 575.09 531.11
444.25 412.95 596.73 509.0 259.22 501.5
598.12 585.9 515.03 568.05 537.52 591.31
363.0 192.85 159.69 387.46 414.03 531.29


Inventory:
0.0 0.0 180.45 0.0 0.0 0.0
76.53 31.4 20.17 0.0 28.15 0.0
0.0 76.01 0.0 0.0 70.21 0.0
33.74 0.0 0.0 269.83 244.98 0.0
19.75 0.0 0.0 19.59 4.47 0.0


Total profit:2915571.6517930813
Percentage of violated capacity:
0.0 | 0.0 | 0.0 | 0.0 | 0.0 | 0.0
======================================================================================================================
Production planning:
473.93 435.57 466.8 0.0 289.17 559.47
169.23 0.0 0.0 0.0 81.03 0.0
62.68 53.85 76.01 212.95 29.14 112.47
355.42 222.05 563.91 412.22 651.29 66.13
46.1 38.18 0.0 35.25 0.0 0.0


Prices:
541.77 550.41 581.49 573.4 504.58 572.12
593.2 399.61 341.08 490.68 575.09 531.1
444.25 412.95 596.73 509.0 259.23 501.5
598.12 585.9 515.03 568.05 537.52 591.31
362.99 192.86 159.69 387.45 414.03 531.29


Inventory:
0.0 0.0 180.45 0.0 0.0 0.0
96.69 51.57 20.17 0.0 28.15 0.0
0.0 0.0 0.0 0.0 0.0 0.0
0.0 25.42 0.0 269.83 351.19 0.0
22.86 41.29 0.0 19.59 4.47 0.0


Total profit:2915581.30055952
Percentage of violated capacity:
0.0 | 0.0 | 0.0 | 0.0 | 0.0 | 0.0
======================================================================================================================
Production planning:
479.78 443.51 464.42 0.0 284.57 552.69
149.48 0.0 0.0 102.98 0.0 0.0
61.34 53.12 76.32 212.69 29.98 112.33
364.62 232.59 566.25 262.69 772.85 74.33
56.06 25.32 0.0 35.74 0.0 0.0


Prices:
541.77 550.41 581.49 573.4 504.58 572.12
593.2 404.32 346.34 469.86 575.09 522.87
449.68 416.56 596.73 509.0 255.14 501.5
598.12 585.9 515.03 568.05 537.52 591.31
370.52 196.54 161.89 391.65 403.05 531.29


Inventory:
0.0 0.0 174.5 0.0 0.0 0.0
75.57 30.78 0.0 80.69 29.08 0.0
0.0 0.0 0.0 0.0 0.0 0.0
0.0 31.23 0.0 120.18 341.82 0.0
33.78 40.11 0.0 20.45 4.46 0.0


Total profit:2917753.089705558
Percentage of violated capacity:
0.0 | 0.0 | 0.0 | 0.0 | 0.0 | 0.0
======================================================================================================================
Production planning:
479.79 443.51 464.42 0.0 284.57 552.69
123.94 25.54 0.0 102.98 0.0 0.0
61.34 53.12 76.32 242.67 0.0 112.33
364.62 232.59 566.25 217.34 818.2 74.33
81.38 0.0 0.0 35.74 0.0 0.0


Prices:
541.77 550.41 581.49 573.4 504.58 572.12
593.2 404.32 346.34 469.86 575.09 522.87
449.68 416.56 596.73 509.0 255.14 501.5
598.12 585.9 515.03 568.05 537.52 591.31
370.52 196.54 161.89 391.65 403.05 531.29


Inventory:
0.0 0.0 174.5 0.0 0.0 0.0
50.03 30.78 0.0 80.69 29.08 0.0
0.0 0.0 0.0 29.98 0.0 0.0
0.0 31.23 0.0 74.83 341.82 0.0
59.1 40.11 0.0 20.45 4.46 0.0


Total profit:2917755.962304891
Percentage of violated capacity:
0.0 | 0.0 | 0.0 | 0.0 | 0.0 | 0.0
======================================================================================================================
Production planning:
479.79 443.51 464.42 0.0 284.57 552.69
123.94 25.54 0.0 102.98 0.0 0.0
61.34 53.12 76.32 242.67 0.0 112.33
364.62 232.59 566.25 217.34 818.2 74.33
81.38 0.0 0.0 35.74 0.0 0.0


Prices:
541.77 550.41 581.49 573.4 504.58 572.12
593.2 404.32 346.34 469.86 575.09 522.87
449.68 416.56 596.73 509.0 255.14 501.5
598.12 585.9 515.03 568.05 537.52 591.31
370.52 196.54 161.89 391.65 403.05 531.29


Inventory:
0.0 0.0 174.5 0.0 0.0 0.0
50.03 30.78 0.0 80.69 29.08 0.0
0.0 0.0 0.0 29.98 0.0 0.0
0.0 31.23 0.0 74.83 341.82 0.0
59.1 40.11 0.0 20.45 4.46 0.0


Total profit:2917755.962304892
Percentage of violated capacity:
0.0 | 0.0 | 0.0 | 0.0 | 0.0 | 0.0
======================================================================================================================
Production planning:
490.96 458.58 323.2 182.97 278.26 516.67
116.86 29.8 0.0 66.65 0.0 29.73
58.92 51.81 79.09 242.04 0.0 107.84
382.9 210.63 728.63 82.07 788.84 80.53
69.37 0.0 0.0 17.3 25.18 0.0


Prices:
541.77 550.41 581.49 573.4 504.58 572.12
593.2 413.2 396.31 500.39 575.09 482.62
460.02 423.28 596.73 509.0 249.87 501.5
598.12 585.9 515.03 568.05 537.52 591.31
385.58 203.81 182.26 369.83 372.48 451.18


Inventory:
0.0 0.0 0.0 0.0 0.0 0.0
40.24 25.81 0.0 48.08 0.0 0.0
0.0 0.0 0.0 30.83 0.0 0.0
0.0 0.0 55.61 0.0 279.39 0.0
48.86 31.25 0.0 0.0 6.31 0.0


Total profit:2924815.5855503418
Percentage of violated capacity:
0.0 | 0.0 | 0.0 | 0.0 | 0.0 | 0.0
======================================================================================================================
Production planning:
490.96 458.58 323.2 182.97 278.26 516.67
146.66 0.0 0.0 66.65 0.0 29.73
58.92 51.81 79.09 242.04 0.0 107.84
382.9 210.63 728.63 82.07 788.84 80.53
39.83 29.54 0.0 17.3 25.18 0.0


Prices:
541.77 550.41 581.49 573.4 504.58 572.12
593.2 413.2 396.31 500.39 575.09 482.62
460.02 423.28 596.73 509.0 249.87 501.5
598.12 585.9 515.03 568.05 537.52 591.31
385.58 203.81 182.26 369.83 372.48 451.18


Inventory:
0.0 0.0 0.0 0.0 0.0 0.0
70.04 25.81 0.0 48.08 0.0 0.0
0.0 0.0 0.0 30.83 0.0 0.0
0.0 0.0 55.61 0.0 279.39 0.0
19.32 31.25 0.0 0.0 6.31 0.0


Total profit:2924815.8803217863
Percentage of violated capacity:
0.0 | 0.0 | 0.0 | 0.0 | 0.0 | 0.0
======================================================================================================================
